timestamp_id,temperatura,grad_seninatate,viteza_vant,presiune
2024030108,5.7,82,26,1024
2024030109,12.7,59,34,1005
2024030110,5.4,79,21,1024
2024030111,6.2,66,12,1004
2024030112,19.9,68,31,1016
2024030113,6.9,3,9,1023
2024030114,24.8,99,2,1019
2024030115,13.6,72,2,1020
2024030116,3.4,74,16,1020
2024030117,13.0,26,32,1000
2024030118,11.6,46,16,1006
2024030119,22.8,31,32,996
2024030120,2.1,48,30,1025
2024030121,0.9,84,9,1017
2024030122,14.3,44,38,1012
2024030123,10.0,92,10,1005
2024030200,8.0,77,12,1003
2024030201,-3.3,7,27,1007
2024030202,6.1,53,40,998
2024030203,0.5,24,9,1009
2024030204,-3.5,79,18,999
2024030205,5.7,2,15,998
2024030206,14.7,48,35,1002
2024030207,20.3,43,38,1017
2024030208,13.3,42,18,1017
2024030209,10.9,6,13,1005
2024030210,16.6,13,29,1021
2024030211,10.6,15,0,1001
2024030212,24.3,86,1,1022
2024030213,11.1,80,21,1014
2024030214,15.6,34,22,996
2024030215,16.0,4,2,1015
2024030216,21.6,12,1,1016
2024030217,13.6,84,17,1024
2024030218,24.6,51,27,1013
2024030219,3.7,80,26,998
2024030220,13.5,47,3,1004
2024030221,0.0,88,15,996
2024030222,10.3,26,37,995
2024030223,4.8,89,0,1003
2024030300,-0.4,94,25,1024
2024030301,10.9,83,15,998
2024030302,14.2,30,22,1012
2024030303,-5.8,67,28,998
2024030304,-4.2,16,30,1020
2024030305,13.8,73,29,1008
2024030306,13.2,50,31,997
2024030307,4.2,65,17,1014
2024030308,10.6,17,26,1014
2024030309,11.7,72,19,1014
2024030310,3.3,71,0,1018
2024030311,9.0,76,1,1005
2024030312,6.4,0,8,1014
2024030313,22.2,87,8,1015
2024030314,16.4,13,16,998
2024030315,14.2,27,20,1016
2024030316,8.0,2,26,1008
2024030317,4.1,76,37,1011
2024030318,23.5,62,15,1009
2024030319,10.5,99,37,1025
2024030320,1.1,10,10,1022
2024030321,10.6,57,13,1012
2024030322,5.8,26,22,1015
2024030323,4.9,92,36,1005
2024030400,12.2,91,23,1007
2024030401,13.8,3,10,1025
2024030402,5.7,90,27,1013
2024030403,0.2,94,25,1012
2024030404,-4.4,89,17,1023
2024030405,-6.8,95,25,1012
2024030406,0.4,94,32,1008
2024030407,21.5,75,3,1006
2024030408,5.6,49,33,996
2024030409,18.0,93,30,1024
2024030410,12.1,26,26,1013
2024030411,14.1,2,11,1022
2024030412,24.2,41,3,1019
2024030413,4.2,99,29,995
2024030414,8.0,54,1,1001
2024030415,11.4,30,26,1025
2024030416,18.6,59,29,1015
2024030417,3.0,52,22,1014
2024030418,13.6,5,1,1021
2024030419,14.4,75,13,1000
2024030420,9.5,69,17,1001
2024030421,1.9,97,39,995
2024030422,8.9,41,15,1014
2024030423,6.3,46,12,1023
2024030500,7.7,86,12,1019
2024030501,-5.0,63,23,1017
2024030502,4.5,17,1,1000
2024030503,-3.6,44,8,1019
2024030504,0.1,33,29,1020
2024030505,-4.1,14,37,1013
2024030506,12.5,82,16,999
2024030507,18.4,72,10,1015
2024030508,24.5,37,36,1022
2024030509,8.2,71,12,1022
2024030510,16.2,99,9,1010
2024030511,18.8,27,28,1015
2024030512,5.9,63,24,1004
2024030513,7.9,82,2,1003
2024030514,21.6,12,32,1004
2024030515,8.9,67,20,1006
2024030516,14.2,28,39,1012
2024030517,19.6,29,4,997
2024030518,17.2,32,13,1000
2024030519,12.7,25,31,1002
2024030520,11.2,17,1,1008
2024030521,1.8,98,10,1022
2024030522,13.8,69,15,1020
2024030523,2.3,1,34,995
2024030600,9.5,12,14,1002
2024030601,9.4,61,29,1011
2024030602,0.4,47,25,1003
2024030603,0.0,20,21,996
2024030604,13.5,6,10,1010
2024030605,-5.1,3,38,1008
2024030606,2.2,83,27,995
2024030607,17.8,67,39,1004
2024030608,24.9,53,22,1009
2024030609,13.8,55,30,1014
2024030610,21.8,75,14,1025
2024030611,5.0,77,33,995
2024030612,15.1,50,3,1010
2024030613,8.3,18,0,1011
2024030614,14.6,44,12,1001
2024030615,10.3,56,23,1018
2024030616,4.0,78,4,1011
2024030617,8.0,7,16,1020
2024030618,5.6,75,15,1000
2024030619,11.4,83,13,1008
2024030620,13.9,42,33,998
2024030621,0.7,2,31,1015
2024030622,11.8,2,36,1002
2024030623,7.8,62,1,996
2024030700,0.6,44,25,1011
2024030701,-0.7,92,0,1001
2024030702,-5.6,1,16,997
2024030703,7.9,62,10,1002
2024030704,14.4,98,32,1010
2024030705,-4.8,15,2,1002
2024030706,8.7,11,20,1000
2024030707,8.3,64,29,1020
2024030708,17.7,59,23,1003
2024030709,17.8,30,9,1022
2024030710,24.2,63,12,1019
2024030711,21.6,99,31,998
2024030712,11.6,75,11,1013
2024030713,23.4,93,14,1015
2024030714,9.2,19,36,1007
2024030715,18.7,28,23,1018
2024030716,14.0,37,27,1013
2024030717,6.5,8,2,1008
2024030718,10.1,57,7,1018
2024030719,24.8,13,35,1017
2024030720,7.8,65,33,1018
2024030721,15.0,30,35,1003
2024030722,3.7,81,21,1001
2024030723,0.6,70,21,1022
2024030800,-1.7,66,34,1017
2024030801,-1.8,16,6,998
2024030802,8.4,14,24,1025
2024030803,-3.5,38,7,998
2024030804,14.7,100,33,1009
2024030805,10.6,59,2,1004
2024030806,-2.7,63,31,1010
2024030807,4.0,65,40,1017
2024030808,21.9,23,24,1003
2024030809,13.9,25,30,1023
2024030810,3.5,92,1,1018
2024030811,11.4,21,21,1006
2024030812,8.1,40,37,1009
2024030813,15.2,70,20,1015
2024030814,22.2,56,26,1008
2024030815,7.8,50,10,1015
2024030816,8.7,34,27,1023
2024030817,19.1,91,27,1023
2024030818,24.7,80,8,1015
2024030819,20.2,75,37,1013
2024030820,-4.6,53,11,1021
2024030821,14.8,62,8,1002
2024030822,12.5,11,35,999
2024030823,-1.8,6,1,1002
2024030900,8.0,37,30,1006
2024030901,0.9,100,37,1015
2024030902,-5.1,72,21,1012
2024030903,-6.0,54,21,1010
2024030904,6.9,11,35,1005
2024030905,14.1,94,31,1018
2024030906,11.1,98,19,1008
2024030907,7.8,35,9,1014
2024030908,4.1,73,37,1014
2024030909,13.3,69,1,1007
2024030910,3.2,55,40,1022
2024030911,6.0,51,23,1015
2024030912,3.2,39,11,996
2024030913,4.0,63,21,996
2024030914,4.0,8,35,1022
2024030915,24.0,34,39,1000
2024030916,6.4,47,23,1002
2024030917,13.8,60,29,1011
2024030918,14.5,35,35,1013
2024030919,12.9,12,35,1023
2024030920,-1.9,50,27,1003
2024030921,12.3,84,9,1012
2024030922,-3.7,48,27,1005
2024030923,-5.6,45,31,1004
2024031000,-2.8,51,2,1001
2024031001,10.5,64,12,1024
2024031002,9.7,96,22,1021
2024031003,2.4,79,14,1025
2024031004,4.1,31,2,1017
2024031005,-3.7,20,23,997
2024031006,12.8,63,38,1015
2024031007,14.6,85,3,1012
2024031008,21.1,75,32,1012
2024031009,10.7,65,37,1017
2024031010,15.6,99,5,995
2024031011,6.5,93,16,1008
2024031012,12.7,72,0,1008
2024031013,10.9,55,31,1018
2024031014,4.2,28,22,1016
2024031015,9.9,34,34,999
2024031016,3.2,85,16,1003
2024031017,21.0,76,3,1023
2024031018,19.6,88,3,1014
2024031019,4.8,28,3,1001
2024031020,5.6,75,18,997
2024031021,1.0,6,33,1002
2024031022,14.8,29,23,1010
2024031023,4.2,98,29,1012
2024031100,4.4,52,35,1004
2024031101,-4.7,22,23,997
2024031102,11.5,53,2,1010
2024031103,1.0,25,13,1003
2024031104,-6.7,67,26,1009
2024031105,-1.0,83,38,999
2024031106,12.5,6,26,1013
2024031107,4.6,34,39,1002
2024031108,23.8,59,0,1007
2024031109,17.6,71,21,1009
2024031110,23.7,1,15,998
2024031111,5.6,73,7,1013
2024031112,7.2,67,4,1025
2024031113,3.5,55,19,1002
2024031114,22.4,90,25,1025
2024031115,23.4,98,18,1020
2024031116,16.4,42,23,1001
2024031117,19.4,90,1,1024
2024031118,12.6,0,34,1013
2024031119,23.3,10,22,1023
2024031120,2.1,92,13,1017
2024031121,-0.2,12,0,1003
2024031122,11.0,6,26,999
2024031123,3.0,28,30,1017
2024031200,4.8,49,35,1013
2024031201,4.8,82,31,1007
2024031202,-4.6,9,7,1023
2024031203,-3.3,98,23,1012
2024031204,0.6,2,38,1013
2024031205,3.7,94,39,1018
2024031206,8.0,46,40,1001
2024031207,7.2,29,17,996
2024031208,16.3,46,17,1025
2024031209,8.2,1,11,1004
2024031210,19.2,20,16,995
2024031211,3.5,28,30,1016
2024031212,23.9,91,19,1015
2024031213,13.7,69,17,1011
2024031214,12.7,15,38,1013
2024031215,10.9,69,30,1004
2024031216,11.3,36,15,1021
2024031217,3.5,84,1,1013
2024031218,5.1,53,30,1025
2024031219,16.0,60,39,1008
2024031220,1.5,30,13,1007
2024031221,-0.6,85,21,1004
2024031222,-2.0,23,32,1015
2024031223,-4.0,97,21,1009
2024031300,-4.3,94,14,998
2024031301,5.6,70,39,999
2024031302,9.1,36,37,1024
2024031303,1.2,57,11,1000
2024031304,13.4,41,5,1008
2024031305,8.8,37,13,1007
2024031306,2.7,4,17,1022
2024031307,5.7,72,2,1012
2024031308,23.0,68,27,1006
2024031309,22.0,60,33,1001
2024031310,21.6,32,12,1015
2024031311,23.2,83,26,1016
2024031312,8.3,99,34,1009
2024031313,18.1,0,23,1016
2024031314,3.3,65,4,1023
2024031315,15.6,46,7,1000
2024031316,7.0,99,15,998
2024031317,24.8,33,10,1021
2024031318,19.8,58,28,1025
2024031319,8.8,3,3,1005
2024031320,12.4,17,25,1024
2024031321,-3.9,15,25,1023
2024031322,-5.5,50,8,1012
2024031323,-0.7,81,37,1021
2024031400,9.9,53,25,995
2024031401,1.2,56,22,1009
2024031402,-6.7,14,10,995
2024031403,-4.0,60,34,1010
2024031404,12.6,98,33,1020
2024031405,14.6,3,23,1014
2024031406,1.5,5,36,995
2024031407,19.2,93,29,1007
2024031408,7.8,50,37,1011
2024031409,10.7,1,29,1019
2024031410,3.5,5,24,999
2024031411,10.0,96,17,1022
2024031412,16.4,4,19,1013
2024031413,14.7,35,38,1025
2024031414,24.8,28,10,1013
2024031415,19.3,92,4,1015
2024031416,16.8,79,30,1017
2024031417,22.1,64,32,1001
2024031418,19.6,67,1,1012
2024031419,22.7,96,2,1022
2024031420,-6.4,97,20,998
2024031421,-3.8,14,16,1023
2024031422,9.1,39,27,1013
2024031423,13.4,6,2,995
2024031500,13.7,18,37,1020
2024031501,-3.4,47,26,1021
2024031502,0.7,99,11,1020
2024031503,14.7,89,1,1002
2024031504,7.1,4,24,1003
2024031505,-0.9,55,25,996
2024031506,1.6,25,10,1011
2024031507,18.3,96,35,996
2024031508,14.1,68,3,1002
2024031509,15.1,45,4,1003
2024031510,3.8,93,0,1013
2024031511,19.9,24,24,999
2024031512,9.7,20,1,1019
2024031513,14.5,58,23,1002
2024031514,14.7,71,10,1014
2024031515,23.9,61,10,997
2024031516,15.7,28,9,997
2024031517,22.6,53,33,1025
2024031518,23.4,93,40,1017
2024031519,5.6,64,10,997
2024031520,7.2,76,22,1013
2024031521,11.8,68,25,1005
2024031522,-0.6,41,27,1008
2024031523,8.2,83,2,1020
2024031600,-1.2,98,31,1001
2024031601,3.4,6,39,1023
2024031602,6.7,80,28,1020
2024031603,1.5,88,16,1001
2024031604,5.1,35,8,1014
2024031605,13.2,62,32,995
2024031606,-2.8,81,16,1020
2024031607,14.7,6,7,1002
2024031608,16.6,28,23,1022
2024031609,22.4,10,11,1017
2024031610,12.7,19,7,1024
2024031611,9.3,9,21,1002
2024031612,12.7,10,20,1013
2024031613,14.3,41,20,997
2024031614,19.5,75,16,1010
2024031615,10.8,99,20,1013
2024031616,24.5,5,4,1006
2024031617,14.9,1,15,1021
2024031618,18.2,76,31,999
2024031619,11.7,77,31,999
2024031620,-0.8,53,13,1011
2024031621,0.9,32,11,1014
2024031622,11.4,55,30,996
2024031623,4.9,41,35,1023
2024031700,9.5,52,37,1018
2024031701,2.1,30,36,1008
2024031702,2.6,60,40,1015
2024031703,-2.7,17,20,1016
2024031704,-3.0,7,25,1009
2024031705,5.5,31,24,1011
2024031706,8.5,76,19,1008
2024031707,6.7,47,5,999
2024031708,18.9,47,6,1008
2024031709,24.8,67,27,998
2024031710,13.1,96,11,1009
2024031711,11.3,26,8,1004
2024031712,24.6,74,10,995
2024031713,20.5,22,17,1001
2024031714,22.7,25,38,1022
2024031715,16.5,0,11,1016
2024031716,10.8,45,10,1006
2024031717,8.4,73,12,1024
2024031718,23.9,16,23,997
2024031719,7.6,9,9,1013
2024031720,-2.9,85,0,1000
2024031721,-0.8,80,20,1021
2024031722,13.7,47,33,1005
2024031723,1.5,47,1,998
2024031800,14.4,39,22,997
2024031801,13.8,43,37,1017
2024031802,2.2,89,4,1006
2024031803,14.3,71,8,1013
2024031804,-1.4,10,24,999
2024031805,-6.2,9,0,1016
2024031806,2.0,63,2,1021
2024031807,11.0,21,28,1025
2024031808,23.5,44,13,1021
2024031809,4.0,55,34,1004
2024031810,16.9,47,20,1002
2024031811,22.0,98,22,997
2024031812,6.2,1,39,1010
2024031813,13.3,3,13,1018
2024031814,9.5,49,6,999
2024031815,3.1,50,39,1023
2024031816,21.7,36,27,1025
2024031817,6.9,72,6,1021
2024031818,9.3,42,2,1014
2024031819,21.8,64,31,1014
2024031820,5.9,59,6,1021
2024031821,-4.3,30,1,1010
2024031822,12.8,17,1,1001
2024031823,-2.0,14,32,1003
2024031900,9.6,56,0,1000
2024031901,14.3,98,26,1017
2024031902,11.4,93,25,1013
2024031903,0.9,0,2,1002
2024031904,9.9,76,38,1023
2024031905,-4.1,46,33,1007
2024031906,0.1,68,6,1006
2024031907,10.1,27,4,1019
2024031908,19.6,3,30,1006
2024031909,8.3,14,33,998
2024031910,12.7,91,7,1025
2024031911,13.3,2,37,995
2024031912,17.0,68,33,1004
2024031913,8.4,39,12,1016
2024031914,7.3,2,21,1008
2024031915,16.4,72,35,1009
2024031916,5.5,57,37,999
2024031917,11.8,90,15,1003
2024031918,16.0,54,18,1004
2024031919,16.4,76,28,1012
2024031920,2.4,78,15,1025
2024031921,3.6,9,7,1003
2024031922,9.5,56,33,1018
2024031923,-5.9,9,17,1011
2024032000,7.4,77,22,1010
2024032001,0.6,50,23,1003
2024032002,8.7,24,37,1004
2024032003,-3.6,55,4,1002
2024032004,-0.7,25,35,1000
2024032005,-2.5,65,16,1018
2024032006,-3.2,9,22,1019
2024032007,20.7,97,36,1012
2024032008,23.6,49,40,1009
2024032009,21.4,89,24,1016
2024032010,21.3,67,27,995
2024032011,12.6,6,21,1007
2024032012,4.1,20,39,1021
2024032013,3.2,10,18,999
2024032014,21.0,72,15,1013
2024032015,20.5,53,39,1014
2024032016,5.5,54,22,1021
2024032017,10.0,69,28,1007
2024032018,17.0,55,0,1005
2024032019,22.9,3,10,1018
2024032020,11.7,92,36,1009
2024032021,-4.9,11,13,1023
2024032022,5.0,44,16,1003
2024032023,-1.1,68,6,1000
2024032100,-3.0,45,7,1022
2024032101,-6.8,28,31,1010
2024032102,5.3,5,5,1005
2024032103,2.7,40,33,1017
2024032104,5.5,28,19,1013
2024032105,8.9,54,8,1001
2024032106,1.3,35,31,1020
2024032107,10.9,98,4,1019
2024032108,15.9,77,16,1018
2024032109,21.0,18,11,1014
2024032110,5.1,76,27,1023
2024032111,18.5,44,8,1020
2024032112,19.2,24,16,995
2024032113,6.1,64,14,1001
2024032114,14.2,2,11,1008
2024032115,13.9,81,9,1015
2024032116,11.2,19,29,1015
2024032117,21.6,69,14,1010
2024032118,24.6,37,9,1006
2024032119,17.3,92,0,1025
2024032120,5.5,45,7,996
2024032121,4.3,6,3,1018
2024032122,11.3,13,6,1015
2024032123,-5.0,75,18,1023
2024032200,5.0,35,39,1019
2024032201,1.7,15,20,1001
2024032202,8.1,75,27,1019
2024032203,14.1,88,28,1005
2024032204,4.2,62,5,997
2024032205,-0.4,45,21,998
2024032206,-5.9,67,33,1023
2024032207,3.9,64,33,1014
2024032208,14.4,37,8,1024
2024032209,14.9,54,33,1004
2024032210,5.2,95,26,1017
2024032211,5.4,48,21,1016
2024032212,6.4,18,33,1025
2024032213,21.7,54,6,1008
2024032214,17.2,84,1,1023
2024032215,5.2,35,7,1008
2024032216,17.8,23,6,1002
2024032217,21.4,90,7,995
2024032218,8.4,9,15,1022
2024032219,18.7,25,13,1002
2024032220,4.0,67,24,1002
2024032221,1.5,62,23,999
2024032222,0.0,3,32,1018
2024032223,-2.6,17,36,1001
2024032300,1.2,60,27,1000
2024032301,14.9,70,34,1000
2024032302,-1.2,87,38,998
2024032303,-4.4,25,0,1008
2024032304,2.4,50,34,1003
2024032305,-5.7,73,20,1011
2024032306,13.0,61,27,1013
2024032307,13.7,6,13,1019
2024032308,12.8,11,28,1018
2024032309,12.4,57,34,997
2024032310,15.2,59,30,1020
2024032311,7.2,91,6,1008
2024032312,10.1,7,35,1015
2024032313,20.5,69,19,1021
2024032314,19.8,22,31,1005
2024032315,17.2,3,24,1002
2024032316,12.0,29,18,1005
2024032317,7.0,90,2,1017
2024032318,4.9,55,15,1008
2024032319,18.4,57,20,1017
2024032320,6.8,8,14,1003
2024032321,14.6,88,26,1013
2024032322,6.5,47,6,1021
2024032323,6.0,63,26,997
2024032400,13.0,25,27,1006
2024032401,13.8,36,39,999
2024032402,10.7,92,36,1023
2024032403,-0.3,67,30,1021
2024032404,5.2,13,20,1013
2024032405,1.8,89,0,1005
2024032406,14.2,62,27,1003
2024032407,15.2,79,33,1004
2024032408,21.0,24,18,996
2024032409,6.7,14,2,1007
2024032410,10.1,5,10,1004
2024032411,20.2,21,12,999
2024032412,9.0,89,29,1007
2024032413,12.2,58,40,1011
2024032414,10.3,26,30,1011
2024032415,3.1,8,31,1006
2024032416,21.3,79,24,1015
2024032417,14.4,22,4,1010
2024032418,14.0,82,4,995
2024032419,17.8,29,23,1023
2024032420,10.3,99,2,1021
2024032421,-6.2,47,6,1017
2024032422,6.7,43,33,1000
2024032423,7.0,19,26,1016
2024032500,-0.8,64,15,997
2024032501,3.0,12,27,1020
2024032502,9.6,94,33,1000
2024032503,10.8,46,16,1019
2024032504,12.4,21,11,998
2024032505,-1.7,95,40,1011
2024032506,5.8,62,29,1016
2024032507,17.7,29,33,1012
2024032508,14.8,49,12,997
2024032509,24.0,16,37,1017
2024032510,19.9,17,1,1002
2024032511,16.5,45,11,1025
2024032512,18.1,60,29,1020
2024032513,4.0,91,19,1015
2024032514,18.6,17,25,999
2024032515,9.9,45,12,998
2024032516,20.2,24,14,1020
2024032517,21.7,5,5,1014
2024032518,13.1,36,14,1011
2024032519,18.2,46,17,1023
2024032520,7.3,90,30,1018
2024032521,-5.4,81,26,1001
2024032522,13.4,84,37,1011
2024032523,-6.7,40,18,1019
2024032600,11.3,88,40,1008
2024032601,-3.6,19,28,1017
2024032602,6.7,39,1,1019
2024032603,4.7,93,18,1015
2024032604,4.2,58,16,995
2024032605,8.5,97,10,1004
2024032606,14.3,59,21,1025
2024032607,6.6,97,21,1023
2024032608,4.0,5,33,1020
2024032609,8.9,2,5,1002
2024032610,23.9,10,39,1019
2024032611,22.1,23,18,1013
2024032612,9.7,15,26,998
2024032613,15.1,96,30,1000
2024032614,15.6,33,21,1023
2024032615,3.4,83,35,1015
2024032616,21.4,62,1,995
2024032617,12.7,23,20,1002
2024032618,19.7,32,8,1008
2024032619,7.8,64,17,1004
2024032620,7.5,39,28,1016
2024032621,2.7,56,33,1005
2024032622,-1.2,24,20,996
2024032623,1.8,34,37,1009
2024032700,8.1,78,5,1016
2024032701,10.2,24,1,1009
2024032702,4.1,46,24,1024
2024032703,0.2,69,19,1018
2024032704,-2.7,44,29,997
2024032705,-4.7,26,4,1024
2024032706,11.8,49,24,998
2024032707,5.2,35,2,1019
2024032708,14.2,5,38,1009
2024032709,18.6,24,14,1017
2024032710,4.4,48,28,995
2024032711,8.0,72,8,1004
2024032712,11.5,99,40,1002
2024032713,9.7,55,39,1024
2024032714,6.6,54,40,1008
2024032715,13.7,8,10,1021
2024032716,18.1,57,26,1015
2024032717,7.2,8,0,1022
2024032718,22.9,85,18,1004
2024032719,7.1,27,28,1003
2024032720,-1.3,20,24,999
2024032721,-6.4,51,34,1024
2024032722,5.1,69,3,1006
2024032723,4.3,93,20,1025
2024032800,3.4,3,1,1020
2024032801,9.0,100,40,1012
2024032802,-4.8,67,24,1019
2024032803,-6.3,26,31,1006
2024032804,13.3,63,22,1021
2024032805,6.2,52,21,1001
2024032806,10.0,93,9,1010
2024032807,20.2,74,7,1005
2024032808,21.8,51,19,996
2024032809,9.8,95,9,1006
2024032810,10.0,6,6,1013
2024032811,20.7,51,0,998
2024032812,3.2,32,21,1025
2024032813,18.1,4,18,1001
2024032814,15.7,48,3,1018
2024032815,14.7,9,30,1004
2024032816,24.1,47,39,1021
2024032817,15.6,71,12,999
2024032818,24.9,21,19,1014
2024032819,11.5,77,31,1009
2024032820,12.0,7,24,1012
2024032821,2.8,70,20,995
2024032822,-0.7,34,21,1002
2024032823,3.3,16,38,1023
2024032900,9.2,54,18,997
2024032901,3.7,79,20,1007
2024032902,2.8,69,26,1014
2024032903,6.2,26,27,1012
2024032904,9.9,7,9,1001
2024032905,8.2,91,18,999
2024032906,2.7,29,29,999
2024032907,22.2,88,2,1010
2024032908,4.7,30,21,995
2024032909,8.7,97,5,999
2024032910,6.1,32,27,1021
2024032911,9.2,11,29,1004
2024032912,3.0,49,15,1019
2024032913,10.9,91,40,1010
2024032914,23.6,30,31,995
2024032915,17.0,42,39,997
2024032916,21.4,93,1,997
2024032917,14.4,91,32,1018
2024032918,21.1,10,30,1008
2024032919,12.8,44,20,998
2024032920,-4.3,35,11,1010
2024032921,-2.1,54,19,1013
2024032922,3.8,100,33,1019
2024032923,-5.0,61,35,995
2024033000,13.5,45,20,1020
2024033001,5.8,43,35,999
2024033002,2.7,22,25,1010
2024033003,1.7,40,5,1013
2024033004,4.6,20,10,1000
2024033005,-4.3,44,18,1019
2024033006,12.3,60,2,997
2024033007,16.8,58,10,1006
2024033008,13.3,81,24,999
2024033009,24.0,47,40,999
2024033010,4.4,2,36,1007
2024033011,5.0,50,23,1017
